production_index,step_idx,production_workcell,qc,consent,winner_qc_list,score,production_time,transport_time,inspection_time,network_time,qc_results,actual_quality,qc_score,score_error,in_winner_counter,in_qc_counter,qc_capability
13.0,1.0,wc_1,,0.0,,,80.0,,,,,Fail,,,,,
13.0,1.0,wc_1,,0.0,,,,0.0,,,,Fail,,,,,
13.0,1.0,wc_1,wc_1,0.0,"[('wc_1', 0.2600000000000001)]",0.2600000000000001,,,29.0,0.002216,['Pass'],Fail,0.2600000000000001,0.0733333333333332,2.0,6.0,0.1
13.0,1.0,wc_1,,0.0,,,,142.0,,,,Fail,,,,,
13.0,1.0,wc_1,wc_6,0.0,"[('wc_6', 0.5300000000000004)]",0.5300000000000004,,,21.0,0.004009,['Fail'],Fail,0.5300000000000004,-0.5300000000000004,0.0,0.0,0.5
13.0,1.0,wc_1,,0.0,,,,321.0,,,,Fail,,,,,
13.0,1.0,wc_1,wc_3,0.0,"[('wc_3', 0.31000000000000016), ('wc_6', 0.5300000000000004)]",0.6757000000000003,,,32.0,0.005934999999999999,['Fail'],Fail,0.31000000000000016,-0.19888888888888906,1.0,9.0,0.2
13.0,1.0,wc_1,,0.0,,,,0.0,,,,Fail,,,,,
13.0,1.0,wc_1,wc_4,0.0,"[('wc_4', 0.6000000000000004), ('wc_6', 0.5300000000000004), ('wc_3', 0.31000000000000016)]",0.8702800000000003,,,24.0,0.008664,['Fail'],Fail,0.6000000000000004,-0.4750000000000004,1.0,8.0,0.5
13.0,1.0,wc_1,,0.0,,,,222.0,,,,Fail,,,,,
13.0,1.0,wc_1,wc_17,0.0,"[('wc_6', 0.5300000000000004), ('wc_3', 0.31000000000000016), ('wc_4', 0.6000000000000004)]",0.8702800000000003,,,21.0,0.010407,['Fail'],Fail,0.12000000000000001,-0.12000000000000001,0.0,4.0,0.1
13.0,1.0,wc_1,,0.0,,,,322.0,,,,Fail,,,,,
13.0,1.0,wc_1,wc_9,1.0,"[('wc_9', 0.6100000000000004), ('wc_6', 0.5300000000000004), ('wc_3', 0.31000000000000016), ('wc_4', 0.6000000000000004)]",0.9494092000000002,,,27.0,0.046097000000000006,['Fail'],Fail,0.6200000000000004,0.37999999999999956,2.0,2.0,0.6
111.0,1.0,wc_1,,0.0,,,,243.0,,,,Pass,,,,,
111.0,1.0,wc_1,,0.0,,,80.0,,,,,Pass,,,,,
111.0,1.0,wc_1,,0.0,,,,0.0,,,,Pass,,,,,
111.0,1.0,wc_1,wc_1,0.0,"[('wc_1', 0.2600000000000001)]",0.2600000000000001,,,38.0,0.00203,['Fail'],Pass,0.2600000000000001,0.02571428571428558,2.0,7.0,0.1
111.0,1.0,wc_1,,0.0,,,,263.0,,,,Pass,,,,,
111.0,1.0,wc_1,wc_16,0.0,"[('wc_16', 0.30000000000000016)]",0.30000000000000016,,,33.0,0.0041530000000000004,['Pass'],Pass,0.30000000000000016,-0.30000000000000016,0.0,1.0,0.2
111.0,1.0,wc_1,,0.0,,,,382.0,,,,Pass,,,,,
111.0,1.0,wc_1,wc_3,0.0,"[('wc_3', 0.31000000000000016), ('wc_16', 0.30000000000000016)]",0.5170000000000002,,,24.0,0.007084,['Pass'],Pass,0.31000000000000016,-0.31000000000000016,0.0,0.0,0.2
111.0,1.0,wc_1,,0.0,,,,0.0,,,,Pass,,,,,
111.0,1.0,wc_1,wc_5,0.0,"[('wc_5', 0.3200000000000002), ('wc_16', 0.30000000000000016), ('wc_3', 0.31000000000000016)]",0.6715600000000003,,,32.0,0.008128,['Pass'],Pass,0.3200000000000002,-0.12000000000000016,0.0,0.0,0.3
111.0,1.0,wc_1,,0.0,,,,141.0,,,,Pass,,,,,
111.0,1.0,wc_1,wc_14,0.0,"[('wc_14', 0.5200000000000004), ('wc_16', 0.30000000000000016), ('wc_3', 0.31000000000000016), ('wc_5', 0.3200000000000002)]",0.8423488000000002,,,24.0,0.010613000000000001,['Pass'],Pass,0.5200000000000004,-0.32000000000000034,0.0,0.0,0.5
111.0,1.0,wc_1,,0.0,,,,222.0,,,,Pass,,,,,
111.0,1.0,wc_1,wc_2,1.0,"[('wc_2', 0.6800000000000005), ('wc_16', 0.30000000000000016), ('wc_3', 0.31000000000000016), ('wc_5', 0.3200000000000002), ('wc_14', 0.5200000000000004)]",0.9495516160000002,,,32.0,0.04594699999999999,['Pass'],Pass,0.6800000000000005,-0.3466666666666672,2.0,6.0,1.0
129.0,3.0,wc_3,,0.0,,,,0.0,,,,Fail,,,,,
129.0,3.0,wc_3,,0.0,,,77.0,,,,,Fail,,,,,
129.0,3.0,wc_3,,0.0,,,,0.0,,,,Fail,,,,,
129.0,3.0,wc_3,wc_3,0.0,"[('wc_3', 0.3200000000000002)]",0.3200000000000002,,,29.0,0.002182,['Pass'],Fail,0.3200000000000002,0.6799999999999998,1.0,1.0,0.2
129.0,3.0,wc_3,,0.0,,,,182.0,,,,Fail,,,,,
129.0,3.0,wc_3,wc_10,0.0,"[('wc_10', 0.5400000000000004)]",0.5400000000000004,,,30.0,0.003874,['Fail'],Fail,0.5400000000000004,-0.25428571428571467,2.0,7.0,0.6
129.0,3.0,wc_3,,0.0,,,,81.0,,,,Fail,,,,,
129.0,3.0,wc_3,wc_12,0.0,"[('wc_12', 0.3200000000000002), ('wc_10', 0.5400000000000004)]",0.6872000000000003,,,27.0,0.005802999999999999,['Fail'],Fail,0.3200000000000002,-0.3200000000000002,0.0,2.0,0.1
129.0,3.0,wc_3,,0.0,,,,0.0,,,,Fail,,,,,
129.0,3.0,wc_3,wc_17,0.0,"[('wc_10', 0.5400000000000004), ('wc_12', 0.3200000000000002)]",0.6872000000000003,,,36.0,0.009189,['Fail'],Fail,0.11000000000000001,-0.11000000000000001,0.0,6.0,0.1
129.0,3.0,wc_3,,0.0,,,,362.0,,,,Fail,,,,,
129.0,3.0,wc_3,wc_11,0.0,"[('wc_10', 0.5400000000000004), ('wc_12', 0.3200000000000002)]",0.6872000000000003,,,23.0,0.010754999999999999,['Fail'],Fail,0.3700000000000002,-0.3700000000000002,0.0,7.0,0.2
129.0,3.0,wc_3,,0.0,,,,122.0,,,,Fail,,,,,
129.0,3.0,wc_3,wc_15,0.0,"[('wc_15', 0.5400000000000004), ('wc_10', 0.5400000000000004), ('wc_12', 0.3200000000000002)]",0.8561120000000002,,,25.0,0.011673000000000001,['Fail'],Fail,0.5400000000000004,-0.20666666666666705,2.0,6.0,0.4
129.0,3.0,wc_3,,0.0,,,,442.0,,,,Fail,,,,,
129.0,3.0,wc_3,wc_5,0.0,"[('wc_10', 0.5400000000000004), ('wc_12', 0.3200000000000002), ('wc_15', 0.5400000000000004)]",0.8561120000000002,,,29.0,0.014967000000000001,['Fail'],Fail,0.3300000000000002,0.6699999999999998,1.0,1.0,0.3
129.0,3.0,wc_3,,0.0,,,,122.0,,,,Fail,,,,,
129.0,3.0,wc_3,wc_9,1.0,"[('wc_9', 0.6200000000000004), ('wc_10', 0.5400000000000004), ('wc_12', 0.3200000000000002), ('wc_15', 0.5400000000000004)]",0.9453225600000001,,,37.0,0.04827000000000001,['Fail'],Fail,0.6300000000000004,0.11999999999999955,3.0,4.0,0.6
141.0,4.0,wc_4,,0.0,,,,382.0,,,,Fail,,,,,
141.0,4.0,wc_4,,0.0,,,65.0,,,,,Fail,,,,,
141.0,4.0,wc_4,,0.0,,,,0.0,,,,Fail,,,,,
141.0,4.0,wc_4,wc_4,0.0,"[('wc_4', 0.6000000000000004)]",0.6000000000000004,,,23.0,0.002252,['Fail'],Fail,0.6000000000000004,-0.4181818181818186,0.0,0.0,0.5
141.0,4.0,wc_4,,0.0,,,,142.0,,,,Fail,,,,,
141.0,4.0,wc_4,wc_9,0.0,"[('wc_9', 0.6300000000000004), ('wc_4', 0.6000000000000004)]",0.8520000000000003,,,37.0,0.003866,['Fail'],Fail,0.6300000000000004,0.11999999999999955,3.0,4.0,0.6
141.0,4.0,wc_4,,0.0,,,,182.0,,,,Fail,,,,,
141.0,4.0,wc_4,wc_16,0.0,"[('wc_4', 0.6000000000000004), ('wc_9', 0.6300000000000004)]",0.8520000000000003,,,35.0,0.007016,['Fail'],Fail,0.31000000000000016,0.02333333333333315,1.0,3.0,0.2
141.0,4.0,wc_4,,0.0,,,,382.0,,,,Fail,,,,,
141.0,4.0,wc_4,wc_11,0.0,"[('wc_4', 0.6000000000000004), ('wc_9', 0.6300000000000004)]",0.8520000000000003,,,20.0,0.009170000000000001,['Fail'],Fail,0.3600000000000002,-0.3600000000000002,0.0,8.0,0.2
141.0,4.0,wc_4,,0.0,,,,223.0,,,,Fail,,,,,
141.0,4.0,wc_4,wc_2,1.0,"[('wc_2', 0.6800000000000005), ('wc_4', 0.6000000000000004), ('wc_9', 0.6300000000000004)]",0.9526400000000002,,,31.0,0.042822,['Fail'],Fail,0.6800000000000005,-0.3050000000000005,3.0,8.0,1.0
156.0,2.0,wc_2,,0.0,,,,0.0,,,,Pass,,,,,
156.0,2.0,wc_2,,0.0,,,61.0,,,,,Pass,,,,,
156.0,2.0,wc_2,,0.0,,,,0.0,,,,Pass,,,,,
156.0,2.0,wc_2,wc_2,0.0,"[('wc_2', 0.6800000000000005)]",0.6800000000000005,,,22.0,0.002785,['Pass'],Pass,0.6800000000000005,-0.3050000000000005,3.0,8.0,1.0
156.0,2.0,wc_2,,0.0,,,,162.0,,,,Pass,,,,,
156.0,2.0,wc_2,wc_12,0.0,"[('wc_2', 0.6800000000000005)]",0.6800000000000005,,,25.0,0.006356,['Pass'],Pass,0.3300000000000002,-0.08000000000000018,1.0,4.0,0.1
156.0,2.0,wc_2,,0.0,,,,0.0,,,,Pass,,,,,
156.0,2.0,wc_2,wc_15,0.0,"[('wc_15', 0.5400000000000004), ('wc_2', 0.6800000000000005)]",0.8528000000000003,,,34.0,0.007235999999999999,['Pass'],Pass,0.5400000000000004,-0.16500000000000037,3.0,8.0,0.4
156.0,2.0,wc_2,,0.0,,,,81.0,,,,Pass,,,,,
156.0,2.0,wc_2,wc_13,0.0,"[('wc_13', 0.18000000000000005), ('wc_2', 0.6800000000000005), ('wc_15', 0.5400000000000004)]",0.8792960000000003,,,20.0,0.007606,['Pass'],Pass,0.18000000000000005,0.0018181818181817744,0.0,0.0,0.1
156.0,2.0,wc_2,,0.0,,,,301.0,,,,Pass,,,,,
156.0,2.0,wc_2,wc_9,1.0,"[('wc_9', 0.6400000000000005), ('wc_2', 0.6800000000000005), ('wc_15', 0.5400000000000004), ('wc_13', 0.18000000000000005)]",0.9565465600000002,,,22.0,0.04015200000000001,['Pass'],Pass,0.6500000000000005,0.1833333333333329,5.0,6.0,0.6
164.0,4.0,wc_4,,0.0,,,,382.0,,,,Pass,,,,,
164.0,4.0,wc_4,,0.0,,,62.0,,,,,Pass,,,,,
164.0,4.0,wc_4,,0.0,,,,0.0,,,,Pass,,,,,
164.0,4.0,wc_4,wc_4,0.0,"[('wc_4', 0.6100000000000004)]",0.6100000000000004,,,30.0,0.002291,['Pass'],Pass,0.6100000000000004,-0.11000000000000043,1.0,2.0,0.5
164.0,4.0,wc_4,,0.0,,,,161.0,,,,Pass,,,,,
164.0,4.0,wc_4,wc_14,0.0,"[('wc_14', 0.5300000000000004), ('wc_4', 0.6100000000000004)]",0.8167000000000003,,,35.0,0.004372,['Pass'],Pass,0.5300000000000004,-0.28000000000000036,1.0,4.0,0.5
164.0,4.0,wc_4,,0.0,,,,301.0,,,,Pass,,,,,
164.0,4.0,wc_4,wc_10,1.0,"[('wc_10', 0.5400000000000004), ('wc_4', 0.6100000000000004), ('wc_14', 0.5300000000000004)]",0.9156820000000002,,,20.0,0.041208,['Pass'],Pass,0.5400000000000004,-0.5400000000000004,0.0,0.0,0.6
185.0,3.0,wc_3,,0.0,,,,342.0,,,,Pass,,,,,
185.0,3.0,wc_3,,0.0,,,67.0,,,,,Pass,,,,,
185.0,3.0,wc_3,,0.0,,,,0.0,,,,Pass,,,,,
185.0,3.0,wc_3,wc_3,0.0,"[('wc_3', 0.3200000000000002)]",0.3200000000000002,,,20.0,0.001983,['Pass'],Pass,0.3200000000000002,-0.12000000000000016,1.0,5.0,0.2
185.0,3.0,wc_3,,0.0,,,,161.0,,,,Pass,,,,,
185.0,3.0,wc_3,wc_13,0.0,"[('wc_13', 0.19000000000000006), ('wc_3', 0.3200000000000002)]",0.44920000000000015,,,35.0,0.004023,['Pass'],Pass,0.19000000000000006,0.30999999999999994,1.0,2.0,0.1
185.0,3.0,wc_3,,0.0,,,,381.0,,,,Pass,,,,,
185.0,3.0,wc_3,wc_5,0.0,"[('wc_5', 0.3300000000000002), ('wc_3', 0.3200000000000002), ('wc_13', 0.19000000000000006)]",0.6309640000000002,,,24.0,0.006182,['Pass'],Pass,0.3300000000000002,-0.13000000000000017,1.0,5.0,0.3
185.0,3.0,wc_3,,0.0,,,,182.0,,,,Pass,,,,,
185.0,3.0,wc_3,wc_16,0.0,"[('wc_16', 0.30000000000000016), ('wc_3', 0.3200000000000002), ('wc_13', 0.19000000000000006), ('wc_5', 0.3300000000000002)]",0.7416748000000002,,,33.0,0.009604,['Pass'],Pass,0.30000000000000016,-0.1333333333333335,1.0,6.0,0.2
185.0,3.0,wc_3,,0.0,,,,382.0,,,,Pass,,,,,
185.0,3.0,wc_3,wc_11,0.0,"[('wc_11', 0.3500000000000002), ('wc_3', 0.3200000000000002), ('wc_13', 0.19000000000000006), ('wc_5', 0.3300000000000002), ('wc_16', 0.30000000000000016)]",0.8320886200000002,,,21.0,0.009532,['Pass'],Pass,0.3500000000000002,-0.3500000000000002,0.0,0.0,0.2
185.0,3.0,wc_3,,0.0,,,,203.0,,,,Pass,,,,,
185.0,3.0,wc_3,wc_1,0.0,"[('wc_1', 0.2500000000000001), ('wc_3', 0.3200000000000002), ('wc_13', 0.19000000000000006), ('wc_5', 0.3300000000000002), ('wc_16', 0.30000000000000016), ('wc_11', 0.3500000000000002)]",0.8740664650000002,,,22.0,0.017443,['Pass'],Pass,0.2500000000000001,-0.08333333333333345,0.0,0.0,0.1
185.0,3.0,wc_3,,0.0,,,,223.0,,,,Pass,,,,,
185.0,3.0,wc_3,wc_10,1.0,"[('wc_10', 0.5400000000000004), ('wc_3', 0.3200000000000002), ('wc_13', 0.19000000000000006), ('wc_5', 0.3300000000000002), ('wc_16', 0.30000000000000016), ('wc_11', 0.3500000000000002), ('wc_1', 0.2500000000000001)]",0.9420705739000002,,,35.0,0.051019,['Pass'],Pass,0.5500000000000004,0.4499999999999996,1.0,1.0,0.6
201.0,5.0,wc_5,,0.0,,,,382.0,,,,Fail,,,,,
201.0,5.0,wc_5,,0.0,,,60.0,,,,,Fail,,,,,
201.0,5.0,wc_5,,0.0,,,,0.0,,,,Fail,,,,,
201.0,5.0,wc_5,wc_5,0.0,"[('wc_5', 0.3300000000000002)]",0.3300000000000002,,,35.0,0.002129,['Pass'],Fail,0.3300000000000002,0.0033333333333331328,2.0,6.0,0.3
201.0,5.0,wc_5,,0.0,,,,142.0,,,,Fail,,,,,
201.0,5.0,wc_5,wc_10,0.0,"[('wc_10', 0.5500000000000004)]",0.5500000000000004,,,35.0,0.0039239999999999995,['Fail'],Fail,0.5500000000000004,0.4499999999999996,1.0,1.0,0.6
201.0,5.0,wc_5,,0.0,,,,81.0,,,,Fail,,,,,
201.0,5.0,wc_5,wc_12,0.0,"[('wc_12', 0.3200000000000002), ('wc_10', 0.5500000000000004)]",0.6940000000000004,,,23.0,0.006595999999999999,['Fail'],Fail,0.3200000000000002,-0.17714285714285732,1.0,7.0,0.1
201.0,5.0,wc_5,,0.0,,,,182.0,,,,Fail,,,,,
201.0,5.0,wc_5,wc_6,0.0,"[('wc_10', 0.5500000000000004), ('wc_12', 0.3200000000000002)]",0.6940000000000004,,,32.0,0.008501,['Fail'],Fail,0.5400000000000004,-0.3971428571428575,1.0,7.0,0.5
201.0,5.0,wc_5,,0.0,,,,223.0,,,,Fail,,,,,
201.0,5.0,wc_5,wc_15,0.0,"[('wc_15', 0.5400000000000004), ('wc_5', 0.3300000000000002), ('wc_6', 0.5400000000000004)]",0.8582280000000002,,,24.0,0.00947,['Pass'],Fail,0.5400000000000004,-0.17636363636363672,0.0,0.0,0.4
201.0,5.0,wc_5,,0.0,,,,402.0,,,,Fail,,,,,
201.0,5.0,wc_5,wc_11,0.0,"[('wc_5', 0.3300000000000002), ('wc_6', 0.5400000000000004), ('wc_15', 0.5400000000000004)]",0.8582280000000002,,,34.0,0.010960000000000001,['Pass'],Fail,0.3600000000000002,0.6399999999999998,1.0,1.0,0.2
201.0,5.0,wc_5,,0.0,,,,83.0,,,,Fail,,,,,
201.0,5.0,wc_5,wc_9,1.0,"[('wc_9', 0.6500000000000005), ('wc_10', 0.5500000000000004), ('wc_12', 0.3200000000000002), ('wc_11', 0.3600000000000002)]",0.9314560000000002,,,25.0,0.04389200000000001,['Fail'],Fail,0.6600000000000005,0.0066666666666661545,6.0,9.0,0.6
223.0,5.0,wc_5,,0.0,,,,402.0,,,,Pass,,,,,
223.0,5.0,wc_5,,0.0,,,54.0,,,,,Pass,,,,,
223.0,5.0,wc_5,,0.0,,,,0.0,,,,Pass,,,,,
223.0,5.0,wc_5,wc_5,0.0,"[('wc_5', 0.3200000000000002)]",0.3200000000000002,,,29.0,0.002276,['Fail'],Pass,0.3200000000000002,-0.034285714285714475,2.0,7.0,0.3
223.0,5.0,wc_5,,0.0,,,,101.0,,,,Pass,,,,,
223.0,5.0,wc_5,wc_12,0.0,"[('wc_12', 0.3200000000000002)]",0.3200000000000002,,,27.0,0.004378999999999999,['Pass'],Pass,0.3200000000000002,-0.07000000000000017,2.0,8.0,0.1
223.0,5.0,wc_5,,0.0,,,,0.0,,,,Pass,,,,,
223.0,5.0,wc_5,wc_14,0.0,"[('wc_14', 0.5300000000000004), ('wc_12', 0.3200000000000002)]",0.6804000000000003,,,33.0,0.006757000000000001,['Pass'],Pass,0.5300000000000004,-0.24428571428571466,2.0,7.0,0.5
223.0,5.0,wc_5,,0.0,,,,281.0,,,,Pass,,,,,
223.0,5.0,wc_5,wc_9,0.0,"[('wc_9', 0.6600000000000005), ('wc_12', 0.3200000000000002), ('wc_14', 0.5300000000000004)]",0.8913360000000002,,,31.0,0.009189,['Pass'],Pass,0.6600000000000005,0.0066666666666661545,6.0,9.0,0.6
223.0,5.0,wc_5,,0.0,,,,61.0,,,,Pass,,,,,
223.0,5.0,wc_5,wc_6,1.0,"[('wc_6', 0.5300000000000004), ('wc_12', 0.3200000000000002), ('wc_14', 0.5300000000000004), ('wc_9', 0.6600000000000005)]",0.9489279200000001,,,35.0,0.042316,['Pass'],Pass,0.5300000000000004,-0.30777777777777815,2.0,9.0,0.5
255.0,6.0,wc_6,,0.0,,,,0.0,,,,Fail,,,,,
255.0,6.0,wc_6,,0.0,,,63.0,,,,,Fail,,,,,
255.0,6.0,wc_6,,0.0,,,,0.0,,,,Fail,,,,,
255.0,6.0,wc_6,wc_6,0.0,"[('wc_6', 0.5300000000000004)]",0.5300000000000004,,,32.0,0.002158,['Fail'],Fail,0.5300000000000004,-0.30777777777777815,2.0,9.0,0.5
255.0,6.0,wc_6,,0.0,,,,202.0,,,,Fail,,,,,
255.0,6.0,wc_6,wc_14,0.0,"[('wc_14', 0.5300000000000004)]",0.5300000000000004,,,24.0,0.004831,['Pass'],Fail,0.5300000000000004,-0.15500000000000036,3.0,8.0,0.5
255.0,6.0,wc_6,,0.0,,,,301.0,,,,Fail,,,,,
255.0,6.0,wc_6,wc_10,0.0,"[('wc_10', 0.5600000000000004), ('wc_14', 0.5300000000000004)]",0.7932000000000003,,,28.0,0.006956,['Pass'],Fail,0.5600000000000004,0.10666666666666624,2.0,3.0,0.6
255.0,6.0,wc_6,,0.0,,,,382.0,,,,Fail,,,,,
255.0,6.0,wc_6,wc_5,0.0,"[('wc_5', 0.31000000000000016), ('wc_14', 0.5300000000000004), ('wc_10', 0.5600000000000004)]",0.8573080000000003,,,29.0,0.010334,['Pass'],Fail,0.31000000000000016,-0.060000000000000164,2.0,8.0,0.3
255.0,6.0,wc_6,,0.0,,,,202.0,,,,Fail,,,,,
255.0,6.0,wc_6,wc_17,0.0,"[('wc_14', 0.5300000000000004), ('wc_10', 0.5600000000000004), ('wc_5', 0.31000000000000016)]",0.8573080000000003,,,28.0,0.009330000000000001,['Pass'],Fail,0.10000000000000002,-0.10000000000000002,0.0,0.0,0.1
255.0,6.0,wc_6,,0.0,,,,362.0,,,,Fail,,,,,
255.0,6.0,wc_6,wc_3,1.0,"[('wc_3', 0.3300000000000002), ('wc_14', 0.5300000000000004), ('wc_10', 0.5600000000000004), ('wc_5', 0.31000000000000016)]",0.9043963600000002,,,29.0,0.048690000000000004,['Pass'],Fail,0.3300000000000002,0.0033333333333331328,3.0,9.0,0.2
275.0,6.0,wc_6,,0.0,,,,101.0,,,,Pass,,,,,
275.0,6.0,wc_6,,0.0,,,56.0,,,,,Pass,,,,,
275.0,6.0,wc_6,,0.0,,,,0.0,,,,Pass,,,,,
275.0,6.0,wc_6,wc_6,0.0,"[('wc_6', 0.5200000000000004)]",0.5200000000000004,,,20.0,0.002439,['Pass'],Pass,0.5200000000000004,-0.5200000000000004,0.0,0.0,0.5
275.0,6.0,wc_6,,0.0,,,,243.0,,,,Pass,,,,,
275.0,6.0,wc_6,wc_16,0.0,"[('wc_16', 0.30000000000000016), ('wc_6', 0.5200000000000004)]",0.6640000000000004,,,39.0,0.004486,['Pass'],Pass,0.30000000000000016,-0.10000000000000014,0.0,0.0,0.2
275.0,6.0,wc_6,,0.0,,,,103.0,,,,Pass,,,,,
275.0,6.0,wc_6,wc_15,0.0,"[('wc_15', 0.5300000000000004), ('wc_6', 0.5200000000000004), ('wc_16', 0.30000000000000016)]",0.8420800000000003,,,30.0,0.006133,['Pass'],Pass,0.5300000000000004,-0.5300000000000004,0.0,3.0,0.4
275.0,6.0,wc_6,,0.0,,,,442.0,,,,Pass,,,,,
275.0,6.0,wc_6,wc_5,0.0,"[('wc_5', 0.3200000000000002), ('wc_6', 0.5200000000000004), ('wc_16', 0.30000000000000016), ('wc_15', 0.5300000000000004)]",0.8926144000000003,,,38.0,0.008978,['Pass'],Pass,0.3200000000000002,0.013333333333333142,3.0,9.0,0.3
275.0,6.0,wc_6,,0.0,,,,103.0,,,,Pass,,,,,
275.0,6.0,wc_6,wc_4,0.0,"[('wc_6', 0.5200000000000004), ('wc_16', 0.30000000000000016), ('wc_15', 0.5300000000000004), ('wc_5', 0.3200000000000002)]",0.8926144000000003,,,28.0,0.010484,['Pass'],Pass,0.6200000000000004,-0.33428571428571474,2.0,7.0,0.5
275.0,6.0,wc_6,,0.0,,,,81.0,,,,Pass,,,,,
275.0,6.0,wc_6,wc_2,1.0,"[('wc_2', 0.6800000000000005), ('wc_6', 0.5200000000000004), ('wc_16', 0.30000000000000016), ('wc_15', 0.5300000000000004), ('wc_5', 0.3200000000000002)]",0.9656366080000002,,,30.0,0.047216999999999995,['Pass'],Pass,0.6800000000000005,-0.6800000000000005,0.0,0.0,1.0
287.0,10.0,wc_10,,0.0,,,,203.0,,,,Fail,,,,,
287.0,10.0,wc_10,,0.0,,,64.0,,,,,Fail,,,,,
287.0,10.0,wc_10,,0.0,,,,0.0,,,,Fail,,,,,
287.0,10.0,wc_10,wc_10,0.0,"[('wc_10', 0.5700000000000004)]",0.5700000000000004,,,22.0,0.002207,['Pass'],Fail,0.5700000000000004,0.029999999999999583,3.0,5.0,0.6
287.0,10.0,wc_10,,0.0,,,,0.0,,,,Fail,,,,,
287.0,10.0,wc_10,wc_11,0.0,"[('wc_10', 0.5700000000000004)]",0.5700000000000004,,,36.0,0.004580000000000001,['Pass'],Fail,0.3700000000000002,0.029999999999999805,2.0,5.0,0.2
287.0,10.0,wc_10,,0.0,,,,122.0,,,,Fail,,,,,
287.0,10.0,wc_10,wc_15,0.0,"[('wc_15', 0.5300000000000004), ('wc_11', 0.3700000000000002)]",0.7039000000000003,,,25.0,0.006579999999999999,['Fail'],Fail,0.5300000000000004,-0.28000000000000036,1.0,4.0,0.4
287.0,10.0,wc_10,,0.0,,,,0.0,,,,Fail,,,,,
287.0,10.0,wc_10,wc_17,0.0,"[('wc_17', 0.09000000000000002), ('wc_11', 0.3700000000000002), ('wc_15', 0.5300000000000004)]",0.7305490000000003,,,32.0,0.009477,['Fail'],Fail,0.09000000000000002,-0.09000000000000002,0.0,2.0,0.1
287.0,10.0,wc_10,,0.0,,,,61.0,,,,Fail,,,,,
287.0,10.0,wc_10,wc_14,0.0,"[('wc_14', 0.5300000000000004), ('wc_11', 0.3700000000000002), ('wc_15', 0.5300000000000004), ('wc_17', 0.09000000000000002)]",0.8733580300000002,,,27.0,0.009323,['Fail'],Fail,0.5300000000000004,-0.13000000000000034,0.0,0.0,0.5
287.0,10.0,wc_10,,0.0,,,,222.0,,,,Fail,,,,,
287.0,10.0,wc_10,wc_2,1.0,"[('wc_2', 0.6800000000000005), ('wc_11', 0.3700000000000002), ('wc_15', 0.5300000000000004), ('wc_17', 0.09000000000000002), ('wc_14', 0.5300000000000004)]",0.9594745696000001,,,39.0,0.045426,['Fail'],Fail,0.6900000000000005,0.3099999999999995,1.0,1.0,1.0
299.0,7.0,wc_7,,0.0,,,,142.0,,,,Fail,,,,,
299.0,7.0,wc_7,,0.0,,,80.0,,,,,Fail,,,,,
299.0,7.0,wc_7,,0.0,,,,0.0,,,,Fail,,,,,
299.0,7.0,wc_7,wc_7,0.0,"[('wc_7', 0.6300000000000004)]",0.6300000000000004,,,36.0,0.004973,['Fail'],Fail,0.6300000000000004,-0.5300000000000005,0.0,0.0,0.9
299.0,7.0,wc_7,,0.0,,,,321.0,,,,Fail,,,,,
299.0,7.0,wc_7,wc_4,0.0,"[('wc_7', 0.6300000000000004)]",0.6300000000000004,,,37.0,0.004143,['Fail'],Fail,0.6100000000000004,-0.3877777777777782,2.0,9.0,0.5
299.0,7.0,wc_7,,0.0,,,,162.0,,,,Fail,,,,,
299.0,7.0,wc_7,wc_10,0.0,"[('wc_10', 0.5600000000000004), ('wc_7', 0.6300000000000004)]",0.8372000000000004,,,22.0,0.006344000000000001,['Fail'],Fail,0.5600000000000004,-0.060000000000000386,3.0,6.0,0.6
299.0,7.0,wc_7,,0.0,,,,101.0,,,,Fail,,,,,
299.0,7.0,wc_7,wc_13,0.0,"[('wc_13', 0.20000000000000007), ('wc_7', 0.6300000000000004), ('wc_10', 0.5600000000000004)]",0.8697600000000003,,,36.0,0.008175,['Fail'],Fail,0.20000000000000007,0.04999999999999993,2.0,8.0,0.1
299.0,7.0,wc_7,,0.0,,,,301.0,,,,Fail,,,,,
299.0,7.0,wc_7,wc_9,1.0,"[('wc_9', 0.6700000000000005), ('wc_7', 0.6300000000000004), ('wc_10', 0.5600000000000004), ('wc_13', 0.20000000000000007)]",0.9570208000000001,,,38.0,0.043371,['Fail'],Fail,0.6700000000000005,-0.4200000000000005,1.0,4.0,0.6
308.0,9.0,wc_9,,0.0,,,,0.0,,,,Pass,,,,,
308.0,9.0,wc_9,,0.0,,,60.0,,,,,Pass,,,,,
308.0,9.0,wc_9,,0.0,,,,0.0,,,,Pass,,,,,
308.0,9.0,wc_9,wc_9,0.0,"[('wc_9', 0.6700000000000005)]",0.6700000000000005,,,24.0,0.002728,['Fail'],Pass,0.6700000000000005,-0.4200000000000005,1.0,4.0,0.6
308.0,9.0,wc_9,,0.0,,,,101.0,,,,Pass,,,,,
308.0,9.0,wc_9,wc_12,0.0,"[('wc_12', 0.3300000000000002), ('wc_9', 0.6700000000000005)]",0.7789000000000004,,,29.0,0.004137999999999999,['Fail'],Pass,0.3300000000000002,-0.0992307692307694,0.0,0.0,0.1
308.0,9.0,wc_9,,0.0,,,,182.0,,,,Pass,,,,,
308.0,9.0,wc_9,wc_6,0.0,"[('wc_9', 0.6700000000000005), ('wc_12', 0.3300000000000002)]",0.7789000000000004,,,29.0,0.006315000000000001,['Fail'],Pass,0.5300000000000004,-0.19666666666666704,1.0,3.0,0.5
308.0,9.0,wc_9,,0.0,,,,0.0,,,,Pass,,,,,
308.0,9.0,wc_9,wc_8,0.0,"[('wc_9', 0.6700000000000005), ('wc_12', 0.3300000000000002)]",0.7789000000000004,,,26.0,0.008624,['Fail'],Pass,0.5200000000000004,-0.4330434782608699,0.0,0.0,1.0
308.0,9.0,wc_9,,0.0,,,,0.0,,,,Pass,,,,,
308.0,9.0,wc_9,wc_10,1.0,"[('wc_10', 0.5700000000000004), ('wc_6', 0.5300000000000004), ('wc_8', 0.5200000000000004)]",0.9029920000000002,,,21.0,0.049583999999999996,['Pass'],Pass,0.5800000000000004,0.044999999999999596,5.0,8.0,0.6
316.0,10.0,wc_10,,0.0,,,,0.0,,,,Fail,,,,,
316.0,10.0,wc_10,,0.0,,,51.0,,,,,Fail,,,,,
316.0,10.0,wc_10,,0.0,,,,0.0,,,,Fail,,,,,
316.0,10.0,wc_10,wc_10,0.0,"[('wc_10', 0.5800000000000004)]",0.5800000000000004,,,26.0,0.002411,['Fail'],Fail,0.5800000000000004,0.044999999999999596,5.0,8.0,0.6
316.0,10.0,wc_10,,0.0,,,,41.0,,,,Fail,,,,,
316.0,10.0,wc_10,wc_6,0.0,"[('wc_6', 0.5300000000000004), ('wc_10', 0.5800000000000004)]",0.8026000000000003,,,20.0,0.0055720000000000006,['Fail'],Fail,0.5300000000000004,-0.03000000000000036,2.0,4.0,0.5
316.0,10.0,wc_10,,0.0,,,,361.0,,,,Fail,,,,,
316.0,10.0,wc_10,wc_5,0.0,"[('wc_5', 0.3300000000000002), ('wc_10', 0.5800000000000004), ('wc_6', 0.5300000000000004)]",0.8677420000000002,,,40.0,0.005971000000000001,['Fail'],Fail,0.3300000000000002,-0.3300000000000002,0.0,3.0,0.3
316.0,10.0,wc_10,,0.0,,,,101.0,,,,Fail,,,,,
316.0,10.0,wc_10,wc_12,0.0,"[('wc_10', 0.5800000000000004), ('wc_6', 0.5300000000000004), ('wc_5', 0.3300000000000002)]",0.8677420000000002,,,37.0,0.008597,['Fail'],Fail,0.3200000000000002,-0.3200000000000002,0.0,1.0,0.1
316.0,10.0,wc_10,,0.0,,,,0.0,,,,Fail,,,,,
316.0,10.0,wc_10,wc_16,0.0,"[('wc_10', 0.5800000000000004), ('wc_6', 0.5300000000000004), ('wc_5', 0.3300000000000002)]",0.8677420000000002,,,39.0,0.010356999999999998,['Fail'],Fail,0.31000000000000016,-0.060000000000000164,1.0,4.0,0.2
316.0,10.0,wc_10,,0.0,,,,223.0,,,,Fail,,,,,
316.0,10.0,wc_10,wc_7,1.0,"[('wc_7', 0.6400000000000005), ('wc_10', 0.5800000000000004), ('wc_6', 0.5300000000000004), ('wc_5', 0.3300000000000002)]",0.9523871200000001,,,22.0,0.044829999999999995,['Fail'],Fail,0.6500000000000005,0.016666666666666163,2.0,3.0,0.9
330.0,10.0,wc_10,,0.0,,,,0.0,,,,Pass,,,,,
330.0,10.0,wc_10,,0.0,,,78.0,,,,,Pass,,,,,
330.0,10.0,wc_10,,0.0,,,,0.0,,,,Pass,,,,,
330.0,10.0,wc_10,wc_10,0.0,"[('wc_10', 0.5900000000000004)]",0.5900000000000004,,,31.0,0.002295,['Pass'],Pass,0.5900000000000004,0.07666666666666622,6.0,9.0,0.6
330.0,10.0,wc_10,,0.0,,,,342.0,,,,Pass,,,,,
330.0,10.0,wc_10,wc_3,0.0,"[('wc_10', 0.5900000000000004)]",0.5900000000000004,,,31.0,0.005016,['Pass'],Pass,0.3300000000000002,-0.11571428571428591,0.0,0.0,0.2
330.0,10.0,wc_10,,0.0,,,,101.0,,,,Pass,,,,,
330.0,10.0,wc_10,wc_6,0.0,"[('wc_6', 0.5400000000000004), ('wc_10', 0.5900000000000004)]",0.8114000000000003,,,25.0,0.006758,['Pass'],Pass,0.5400000000000004,0.05999999999999961,3.0,5.0,0.5
330.0,10.0,wc_10,,0.0,,,,361.0,,,,Pass,,,,,
330.0,10.0,wc_10,wc_5,0.0,"[('wc_5', 0.3300000000000002), ('wc_10', 0.5900000000000004), ('wc_6', 0.5400000000000004)]",0.8736380000000002,,,40.0,0.008109,['Pass'],Pass,0.3300000000000002,-0.08000000000000018,1.0,4.0,0.3
330.0,10.0,wc_10,,0.0,,,,103.0,,,,Pass,,,,,
330.0,10.0,wc_10,wc_4,1.0,"[('wc_4', 0.6000000000000004), ('wc_10', 0.5900000000000004), ('wc_6', 0.5400000000000004), ('wc_5', 0.3300000000000002)]",0.9494552000000002,,,38.0,0.05057899999999999,['Pass'],Pass,0.6000000000000004,-0.2666666666666671,1.0,3.0,0.5
345.0,7.0,wc_7,,0.0,,,,101.0,,,,Fail,,,,,
345.0,7.0,wc_7,,0.0,,,72.0,,,,,Fail,,,,,
345.0,7.0,wc_7,,0.0,,,,0.0,,,,Fail,,,,,
345.0,7.0,wc_7,wc_7,0.0,"[('wc_7', 0.6500000000000005)]",0.6500000000000005,,,34.0,0.002914,['Fail'],Fail,0.6500000000000005,-0.15000000000000047,2.0,4.0,0.9
345.0,7.0,wc_7,,0.0,,,,203.0,,,,Fail,,,,,
345.0,7.0,wc_7,wc_15,0.0,"[('wc_15', 0.5300000000000004), ('wc_7', 0.6500000000000005)]",0.8355000000000004,,,33.0,0.005292,['Fail'],Fail,0.5300000000000004,-0.30777777777777815,2.0,9.0,0.4
345.0,7.0,wc_7,,0.0,,,,442.0,,,,Fail,,,,,
345.0,7.0,wc_7,wc_5,0.0,"[('wc_7', 0.6500000000000005), ('wc_15', 0.5300000000000004)]",0.8355000000000004,,,23.0,0.0060680000000000005,['Fail'],Fail,0.3400000000000002,0.05999999999999983,2.0,5.0,0.3
345.0,7.0,wc_7,,0.0,,,,41.0,,,,Fail,,,,,
345.0,7.0,wc_7,wc_1,0.0,"[('wc_7', 0.6500000000000005), ('wc_15', 0.5300000000000004)]",0.8355000000000004,,,21.0,0.007627,['Fail'],Fail,0.2600000000000001,-0.16000000000000011,0.0,0.0,0.1
345.0,7.0,wc_7,,0.0,,,,283.0,,,,Fail,,,,,
345.0,7.0,wc_7,wc_17,0.0,"[('wc_7', 0.6500000000000005), ('wc_15', 0.5300000000000004)]",0.8355000000000004,,,30.0,0.009886,['Fail'],Fail,0.10000000000000002,0.04285714285714283,1.0,7.0,0.1
345.0,7.0,wc_7,,0.0,,,,21.0,,,,Fail,,,,,
345.0,7.0,wc_7,wc_12,0.0,"[('wc_7', 0.6500000000000005), ('wc_15', 0.5300000000000004)]",0.8355000000000004,,,24.0,0.012556000000000001,['Fail'],Fail,0.31000000000000016,-0.31000000000000016,0.0,3.0,0.1
345.0,7.0,wc_7,,0.0,,,,361.0,,,,Fail,,,,,
345.0,7.0,wc_7,wc_11,0.0,"[('wc_11', 0.3800000000000002), ('wc_7', 0.6500000000000005), ('wc_15', 0.5300000000000004)]",0.8980100000000002,,,25.0,0.01248,['Fail'],Fail,0.3800000000000002,-0.08000000000000024,0.0,0.0,0.2
345.0,7.0,wc_7,,0.0,,,,342.0,,,,Fail,,,,,
345.0,7.0,wc_7,wc_4,1.0,"[('wc_4', 0.6000000000000004), ('wc_7', 0.6500000000000005), ('wc_15', 0.5300000000000004), ('wc_11', 0.3800000000000002)]",0.9592040000000002,,,20.0,0.046421,['Fail'],Fail,0.6000000000000004,-0.10000000000000042,2.0,4.0,0.5
354.0,8.0,wc_8,,0.0,,,,121.0,,,,Fail,,,,,
354.0,8.0,wc_8,,0.0,,,50.0,,,,,Fail,,,,,
354.0,8.0,wc_8,,0.0,,,,0.0,,,,Fail,,,,,
354.0,8.0,wc_8,wc_8,0.0,"[('wc_8', 0.5300000000000004)]",0.5300000000000004,,,26.0,0.002247,['Fail'],Fail,0.5300000000000004,-0.28000000000000036,1.0,4.0,1.0
354.0,8.0,wc_8,,0.0,,,,203.0,,,,Fail,,,,,
354.0,8.0,wc_8,wc_16,0.0,"[('wc_8', 0.5300000000000004)]",0.5300000000000004,,,34.0,0.004033,['Fail'],Fail,0.30000000000000016,-0.1571428571428573,1.0,7.0,0.2
354.0,8.0,wc_8,,0.0,,,,81.0,,,,Fail,,,,,
354.0,8.0,wc_8,wc_14,0.0,"[('wc_14', 0.5400000000000004), ('wc_8', 0.5300000000000004)]",0.7838000000000003,,,24.0,0.005931,['Fail'],Fail,0.5400000000000004,-0.37333333333333374,1.0,6.0,0.5
354.0,8.0,wc_8,,0.0,,,,82.0,,,,Fail,,,,,
354.0,8.0,wc_8,wc_12,0.0,"[('wc_12', 0.30000000000000016), ('wc_8', 0.5300000000000004), ('wc_14', 0.5400000000000004)]",0.8486600000000003,,,38.0,0.007127,['Fail'],Fail,0.30000000000000016,-0.30000000000000016,0.0,4.0,0.1
354.0,8.0,wc_8,,0.0,,,,341.0,,,,Fail,,,,,
354.0,8.0,wc_8,wc_10,1.0,"[('wc_10', 0.6000000000000004), ('wc_8', 0.5300000000000004), ('wc_14', 0.5400000000000004), ('wc_12', 0.30000000000000016)]",0.9394640000000002,,,35.0,0.057476,['Fail'],Fail,0.6000000000000004,-0.10000000000000042,1.0,2.0,0.6
365.0,11.0,wc_11,,0.0,,,,0.0,,,,Fail,,,,,
365.0,11.0,wc_11,,0.0,,,56.0,,,,,Fail,,,,,
365.0,11.0,wc_11,,0.0,,,,0.0,,,,Fail,,,,,
365.0,11.0,wc_11,wc_11,0.0,"[('wc_11', 0.39000000000000024)]",0.39000000000000024,,,23.0,0.002173,['Fail'],Fail,0.39000000000000024,0.10999999999999976,1.0,2.0,0.2
365.0,11.0,wc_11,,0.0,,,,41.0,,,,Fail,,,,,
365.0,11.0,wc_11,wc_7,0.0,"[('wc_7', 0.6500000000000005), ('wc_11', 0.39000000000000024)]",0.7865000000000004,,,35.0,0.004545,['Fail'],Fail,0.6500000000000005,-0.15000000000000047,3.0,6.0,0.9
365.0,11.0,wc_11,,0.0,,,,223.0,,,,Fail,,,,,
365.0,11.0,wc_11,wc_16,0.0,"[('wc_16', 0.29000000000000015), ('wc_11', 0.39000000000000024), ('wc_7', 0.6500000000000005)]",0.8484150000000003,,,24.0,0.005921,['Fail'],Fail,0.29000000000000015,-0.16500000000000015,1.0,8.0,0.2
365.0,11.0,wc_11,,0.0,,,,103.0,,,,Fail,,,,,
365.0,11.0,wc_11,wc_15,1.0,"[('wc_15', 0.5300000000000004), ('wc_11', 0.39000000000000024), ('wc_7', 0.6500000000000005), ('wc_16', 0.29000000000000015)]",0.9287550500000001,,,23.0,0.045420999999999996,['Fail'],Fail,0.5300000000000004,-0.03000000000000036,1.0,2.0,0.4
375.0,11.0,wc_11,,0.0,,,,402.0,,,,Fail,,,,,
375.0,11.0,wc_11,,0.0,,,71.0,,,,,Fail,,,,,
375.0,11.0,wc_11,,0.0,,,,0.0,,,,Fail,,,,,
375.0,11.0,wc_11,wc_11,0.0,"[('wc_11', 0.40000000000000024)]",0.40000000000000024,,,31.0,0.003195,['Pass'],Fail,0.40000000000000024,0.2666666666666664,2.0,3.0,0.2
375.0,11.0,wc_11,,0.0,,,,162.0,,,,Fail,,,,,
375.0,11.0,wc_11,wc_17,0.0,"[('wc_11', 0.40000000000000024)]",0.40000000000000024,,,23.0,0.00602,['Pass'],Fail,0.10000000000000002,-1.3877787807814457e-17,0.0,0.0,0.1
375.0,11.0,wc_11,,0.0,,,,223.0,,,,Fail,,,,,
375.0,11.0,wc_11,wc_8,0.0,"[('wc_8', 0.5300000000000004), ('wc_17', 0.10000000000000002)]",0.5770000000000003,,,36.0,0.006239,['Fail'],Fail,0.5300000000000004,-0.19666666666666704,2.0,6.0,1.0
375.0,11.0,wc_11,,0.0,,,,0.0,,,,Fail,,,,,
375.0,11.0,wc_11,wc_9,0.0,"[('wc_9', 0.6600000000000005), ('wc_17', 0.10000000000000002), ('wc_8', 0.5300000000000004)]",0.8561800000000003,,,22.0,0.008953,['Fail'],Fail,0.6600000000000005,-0.5600000000000005,0.0,0.0,0.6
375.0,11.0,wc_11,,0.0,,,,182.0,,,,Fail,,,,,
375.0,11.0,wc_11,wc_16,0.0,"[('wc_16', 0.29000000000000015), ('wc_17', 0.10000000000000002), ('wc_8', 0.5300000000000004), ('wc_9', 0.6600000000000005)]",0.8978878000000002,,,20.0,0.011765,['Fail'],Fail,0.29000000000000015,-0.06777777777777794,2.0,9.0,0.2
375.0,11.0,wc_11,,0.0,,,,382.0,,,,Fail,,,,,
375.0,11.0,wc_11,wc_3,1.0,"[('wc_3', 0.3200000000000002), ('wc_17', 0.10000000000000002), ('wc_8', 0.5300000000000004), ('wc_9', 0.6600000000000005), ('wc_16', 0.29000000000000015)]",0.9305637040000002,,,22.0,0.054713,['Fail'],Fail,0.3200000000000002,-0.12000000000000016,1.0,5.0,0.2
389.0,8.0,wc_8,,0.0,,,,141.0,,,,Pass,,,,,
389.0,8.0,wc_8,,0.0,,,79.0,,,,,Pass,,,,,
389.0,8.0,wc_8,,0.0,,,,0.0,,,,Pass,,,,,
389.0,8.0,wc_8,wc_8,0.0,"[('wc_8', 0.5300000000000004)]",0.5300000000000004,,,24.0,0.003716,['Pass'],Pass,0.5300000000000004,-0.10142857142857181,3.0,7.0,1.0
389.0,8.0,wc_8,,0.0,,,,102.0,,,,Pass,,,,,
389.0,8.0,wc_8,wc_7,0.0,"[('wc_7', 0.6500000000000005), ('wc_8', 0.5300000000000004)]",0.8355000000000004,,,20.0,0.004488000000000001,['Pass'],Pass,0.6500000000000005,-0.15000000000000047,4.0,8.0,0.9
389.0,8.0,wc_8,,0.0,,,,321.0,,,,Pass,,,,,
389.0,8.0,wc_8,wc_4,1.0,"[('wc_4', 0.6000000000000004), ('wc_8', 0.5300000000000004), ('wc_7', 0.6500000000000005)]",0.9342000000000003,,,39.0,0.039639999999999995,['Pass'],Pass,0.6000000000000004,-0.22500000000000042,3.0,8.0,0.5
406.0,11.0,wc_11,,0.0,,,,182.0,,,,Fail,,,,,
406.0,11.0,wc_11,,0.0,,,53.0,,,,,Fail,,,,,
406.0,11.0,wc_11,,0.0,,,,0.0,,,,Fail,,,,,
406.0,11.0,wc_11,wc_11,0.0,"[('wc_11', 0.40000000000000024)]",0.40000000000000024,,,35.0,0.002216,['Fail'],Fail,0.40000000000000024,-2.220446049250313e-16,2.0,5.0,0.2
406.0,11.0,wc_11,,0.0,,,,61.0,,,,Fail,,,,,
406.0,11.0,wc_11,wc_8,0.0,"[('wc_8', 0.5300000000000004), ('wc_11', 0.40000000000000024)]",0.7180000000000003,,,26.0,0.004046,['Fail'],Fail,0.5300000000000004,-0.03000000000000036,4.0,8.0,1.0
406.0,11.0,wc_11,,0.0,,,,162.0,,,,Fail,,,,,
406.0,11.0,wc_11,wc_14,0.0,"[('wc_14', 0.5400000000000004), ('wc_11', 0.40000000000000024), ('wc_8', 0.5300000000000004)]",0.8702800000000003,,,24.0,0.006693999999999999,['Fail'],Fail,0.5400000000000004,-0.34000000000000036,0.0,0.0,0.5
406.0,11.0,wc_11,,0.0,,,,102.0,,,,Fail,,,,,
406.0,11.0,wc_11,wc_13,0.0,"[('wc_13', 0.21000000000000008), ('wc_11', 0.40000000000000024), ('wc_8', 0.5300000000000004), ('wc_14', 0.5400000000000004)]",0.8975212000000002,,,24.0,0.008417,['Fail'],Fail,0.21000000000000008,-0.033529411764705946,0.0,0.0,0.1
406.0,11.0,wc_11,,0.0,,,,321.0,,,,Fail,,,,,
406.0,11.0,wc_11,wc_10,1.0,"[('wc_10', 0.6000000000000004), ('wc_11', 0.40000000000000024), ('wc_8', 0.5300000000000004), ('wc_14', 0.5400000000000004), ('wc_13', 0.21000000000000008)]",0.9590084800000002,,,37.0,0.050393999999999994,['Fail'],Fail,0.6000000000000004,-0.2666666666666671,2.0,6.0,0.6
417.0,7.0,wc_7,,0.0,,,,61.0,,,,Pass,,,,,
417.0,7.0,wc_7,,0.0,,,68.0,,,,,Pass,,,,,
417.0,7.0,wc_7,,0.0,,,,0.0,,,,Pass,,,,,
417.0,7.0,wc_7,wc_7,0.0,"[('wc_7', 0.6500000000000005)]",0.6500000000000005,,,37.0,0.002269,['Pass'],Pass,0.6500000000000005,-0.15000000000000047,0.0,0.0,0.9
417.0,7.0,wc_7,,0.0,,,,162.0,,,,Pass,,,,,
417.0,7.0,wc_7,wc_13,0.0,"[('wc_7', 0.6500000000000005)]",0.6500000000000005,,,29.0,0.004239,['Pass'],Pass,0.22000000000000008,0.7799999999999999,1.0,1.0,0.1
417.0,7.0,wc_7,,0.0,,,,341.0,,,,Pass,,,,,
417.0,7.0,wc_7,wc_11,0.0,"[('wc_11', 0.41000000000000025), ('wc_7', 0.6500000000000005)]",0.7935000000000003,,,20.0,0.007163000000000001,['Pass'],Pass,0.41000000000000025,0.08999999999999975,3.0,6.0,0.2
417.0,7.0,wc_7,,0.0,,,,322.0,,,,Pass,,,,,
417.0,7.0,wc_7,wc_3,0.0,"[('wc_3', 0.3200000000000002), ('wc_7', 0.6500000000000005), ('wc_11', 0.41000000000000025)]",0.8595800000000002,,,28.0,0.009363999999999999,['Pass'],Pass,0.3200000000000002,-0.17714285714285732,1.0,7.0,0.2
417.0,7.0,wc_7,,0.0,,,,101.0,,,,Pass,,,,,
417.0,7.0,wc_7,wc_2,1.0,"[('wc_2', 0.6900000000000005), ('wc_7', 0.6500000000000005), ('wc_11', 0.41000000000000025), ('wc_3', 0.3200000000000002)]",0.9564698000000001,,,37.0,0.05169099999999999,['Pass'],Pass,0.6900000000000005,-0.6900000000000005,0.0,0.0,1.0
433.0,11.0,wc_11,,0.0,,,,223.0,,,,Pass,,,,,
433.0,11.0,wc_11,,0.0,,,56.0,,,,,Pass,,,,,
433.0,11.0,wc_11,,0.0,,,,0.0,,,,Pass,,,,,
433.0,11.0,wc_11,wc_11,0.0,"[('wc_11', 0.42000000000000026)]",0.42000000000000026,,,20.0,0.002466,['Fail'],Pass,0.42000000000000026,0.15142857142857113,4.0,7.0,0.2
433.0,11.0,wc_11,,0.0,,,,103.0,,,,Pass,,,,,
433.0,11.0,wc_11,wc_10,0.0,"[('wc_10', 0.6000000000000004)]",0.6000000000000004,,,40.0,0.003929,['Pass'],Pass,0.6000000000000004,-0.3142857142857147,2.0,7.0,0.6
433.0,11.0,wc_11,,0.0,,,,103.0,,,,Pass,,,,,
433.0,11.0,wc_11,wc_9,0.0,"[('wc_9', 0.6700000000000005), ('wc_10', 0.6000000000000004)]",0.8680000000000003,,,34.0,0.005928,['Pass'],Pass,0.6700000000000005,-0.4200000000000005,1.0,4.0,0.6
433.0,11.0,wc_11,,0.0,,,,81.0,,,,Pass,,,,,
433.0,11.0,wc_11,wc_7,1.0,"[('wc_7', 0.6600000000000005), ('wc_10', 0.6000000000000004), ('wc_9', 0.6700000000000005)]",0.9551200000000002,,,29.0,0.042377000000000005,['Pass'],Pass,0.6700000000000005,0.3299999999999995,2.0,2.0,0.9
443.0,12.0,wc_12,,0.0,,,,142.0,,,,Pass,,,,,
443.0,12.0,wc_12,,0.0,,,78.0,,,,,Pass,,,,,
443.0,12.0,wc_12,,0.0,,,,0.0,,,,Pass,,,,,
443.0,12.0,wc_12,wc_12,0.0,"[('wc_12', 0.30000000000000016)]",0.30000000000000016,,,20.0,0.002942,['Fail'],Pass,0.30000000000000016,-0.20909090909090924,0.0,0.0,0.1
443.0,12.0,wc_12,,0.0,,,,0.0,,,,Pass,,,,,
443.0,12.0,wc_12,wc_14,0.0,"[('wc_14', 0.5500000000000004), ('wc_12', 0.30000000000000016)]",0.6850000000000003,,,20.0,0.004767,['Fail'],Pass,0.5500000000000004,-0.21666666666666706,1.0,3.0,0.5
443.0,12.0,wc_12,,0.0,,,,182.0,,,,Pass,,,,,
443.0,12.0,wc_12,wc_8,0.0,"[('wc_12', 0.30000000000000016), ('wc_14', 0.5500000000000004)]",0.6850000000000003,,,28.0,0.007065,['Fail'],Pass,0.5400000000000004,-0.08545454545454584,0.0,0.0,1.0
443.0,12.0,wc_12,,0.0,,,,142.0,,,,Pass,,,,,
443.0,12.0,wc_12,wc_13,0.0,"[('wc_12', 0.30000000000000016), ('wc_14', 0.5500000000000004)]",0.6850000000000003,,,38.0,0.008924000000000001,['Fail'],Pass,0.22000000000000008,0.11333333333333323,1.0,3.0,0.1
443.0,12.0,wc_12,,0.0,,,,0.0,,,,Pass,,,,,
443.0,12.0,wc_12,wc_16,0.0,"[('wc_16', 0.29000000000000015), ('wc_8', 0.5400000000000004), ('wc_13', 0.22000000000000008)]",0.7452520000000002,,,35.0,0.011186999999999999,['Pass'],Pass,0.29000000000000015,-0.29000000000000015,0.0,4.0,0.2
443.0,12.0,wc_12,,0.0,,,,283.0,,,,Pass,,,,,
443.0,12.0,wc_12,wc_2,1.0,"[('wc_2', 0.6900000000000005), ('wc_8', 0.5400000000000004), ('wc_13', 0.22000000000000008), ('wc_16', 0.29000000000000015)]",0.9210281200000002,,,33.0,0.051921999999999996,['Pass'],Pass,0.6900000000000005,-0.1900000000000005,1.0,2.0,1.0
468.0,13.0,wc_13,,0.0,,,,182.0,,,,Pass,,,,,
468.0,13.0,wc_13,,0.0,,,63.0,,,,,Pass,,,,,
468.0,13.0,wc_13,,0.0,,,,0.0,,,,Pass,,,,,
468.0,13.0,wc_13,wc_13,0.0,"[('wc_13', 0.2300000000000001)]",0.2300000000000001,,,32.0,0.009271,['Fail'],Pass,0.2300000000000001,0.2699999999999999,2.0,4.0,0.1
468.0,13.0,wc_13,,0.0,,,,361.0,,,,Pass,,,,,
468.0,13.0,wc_13,wc_4,0.0,"[('wc_4', 0.6000000000000004), ('wc_13', 0.2300000000000001)]",0.6920000000000004,,,38.0,0.004171,['Fail'],Pass,0.6000000000000004,-0.3500000000000004,0.0,0.0,0.5
468.0,13.0,wc_13,,0.0,,,,162.0,,,,Pass,,,,,
468.0,13.0,wc_13,wc_10,0.0,"[('wc_10', 0.6000000000000004), ('wc_13', 0.2300000000000001), ('wc_4', 0.6000000000000004)]",0.8768000000000002,,,27.0,0.006274,['Fail'],Pass,0.6000000000000004,-0.2666666666666671,3.0,9.0,0.6
468.0,13.0,wc_13,,0.0,,,,243.0,,,,Pass,,,,,
468.0,13.0,wc_13,wc_2,1.0,"[('wc_2', 0.6900000000000005), ('wc_13', 0.2300000000000001), ('wc_4', 0.6000000000000004), ('wc_10', 0.6000000000000004)]",0.9618080000000001,,,38.0,0.047484000000000005,['Fail'],Pass,0.6900000000000005,-0.023333333333333872,2.0,3.0,1.0
481.0,13.0,wc_13,,0.0,,,,182.0,,,,Pass,,,,,
481.0,13.0,wc_13,,0.0,,,72.0,,,,,Pass,,,,,
481.0,13.0,wc_13,,0.0,,,,0.0,,,,Pass,,,,,
481.0,13.0,wc_13,wc_13,0.0,"[('wc_13', 0.2400000000000001)]",0.2400000000000001,,,37.0,0.002412,['Fail'],Pass,0.2400000000000001,0.3599999999999999,3.0,5.0,0.1
481.0,13.0,wc_13,,0.0,,,,0.0,,,,Pass,,,,,
481.0,13.0,wc_13,wc_15,0.0,"[('wc_15', 0.5300000000000004), ('wc_13', 0.2400000000000001)]",0.6428000000000003,,,38.0,0.0071660000000000005,['Fail'],Pass,0.5300000000000004,-0.41888888888888925,1.0,9.0,0.4
481.0,13.0,wc_13,,0.0,,,,101.0,,,,Pass,,,,,
481.0,13.0,wc_13,wc_14,0.0,"[('wc_14', 0.5400000000000004), ('wc_13', 0.2400000000000001), ('wc_15', 0.5300000000000004)]",0.8356880000000002,,,38.0,0.007316,['Fail'],Pass,0.5400000000000004,-0.34000000000000036,1.0,5.0,0.5
481.0,13.0,wc_13,,0.0,,,,0.0,,,,Pass,,,,,
481.0,13.0,wc_13,wc_17,0.0,"[('wc_17', 0.11000000000000001), ('wc_13', 0.2400000000000001), ('wc_15', 0.5300000000000004), ('wc_14', 0.5400000000000004)]",0.8537623200000003,,,22.0,0.009826000000000001,['Fail'],Pass,0.11000000000000001,0.032857142857142835,1.0,7.0,0.1
481.0,13.0,wc_13,,0.0,,,,183.0,,,,Pass,,,,,
481.0,13.0,wc_13,wc_6,1.0,"[('wc_6', 0.5500000000000004), ('wc_13', 0.2400000000000001), ('wc_15', 0.5300000000000004), ('wc_14', 0.5400000000000004), ('wc_17', 0.11000000000000001)]",0.9341930440000001,,,24.0,0.04828,['Fail'],Pass,0.5500000000000004,-0.5500000000000004,0.0,0.0,0.5
492.0,15.0,wc_15,,0.0,,,,223.0,,,,Pass,,,,,
492.0,15.0,wc_15,,0.0,,,64.0,,,,,Pass,,,,,
492.0,15.0,wc_15,,0.0,,,,0.0,,,,Pass,,,,,
492.0,15.0,wc_15,wc_15,0.0,"[('wc_15', 0.5300000000000004)]",0.5300000000000004,,,25.0,0.00225,['Pass'],Pass,0.5300000000000004,-0.5300000000000004,0.0,0.0,0.4
492.0,15.0,wc_15,,0.0,,,,0.0,,,,Pass,,,,,
492.0,15.0,wc_15,wc_16,0.0,"[('wc_15', 0.5300000000000004)]",0.5300000000000004,,,20.0,0.0043619999999999996,['Pass'],Pass,0.29000000000000015,-0.1471428571428573,1.0,7.0,0.2
492.0,15.0,wc_15,,0.0,,,,382.0,,,,Pass,,,,,
492.0,15.0,wc_15,wc_3,0.0,"[('wc_3', 0.3200000000000002), ('wc_15', 0.5300000000000004)]",0.6804000000000003,,,24.0,0.0069169999999999995,['Pass'],Pass,0.3200000000000002,-0.15333333333333352,0.0,0.0,0.2
492.0,15.0,wc_15,,0.0,,,,121.0,,,,Pass,,,,,
492.0,15.0,wc_15,wc_7,0.0,"[('wc_7', 0.6700000000000005), ('wc_15', 0.5300000000000004), ('wc_3', 0.3200000000000002)]",0.8945320000000002,,,35.0,0.009208000000000001,['Pass'],Pass,0.6700000000000005,-0.27000000000000046,2.0,5.0,0.9
492.0,15.0,wc_15,,0.0,,,,341.0,,,,Pass,,,,,
492.0,15.0,wc_15,wc_5,1.0,"[('wc_5', 0.3400000000000002), ('wc_15', 0.5300000000000004), ('wc_3', 0.3200000000000002), ('wc_7', 0.6700000000000005)]",0.9303911200000002,,,27.0,0.04786099999999999,['Pass'],Pass,0.3400000000000002,-0.3400000000000002,0.0,0.0,0.3
504.0,14.0,wc_14,,0.0,,,,141.0,,,,Pass,,,,,
504.0,14.0,wc_14,,0.0,,,67.0,,,,,Pass,,,,,
504.0,14.0,wc_14,,0.0,,,,0.0,,,,Pass,,,,,
504.0,14.0,wc_14,wc_14,0.0,"[('wc_14', 0.5400000000000004)]",0.5400000000000004,,,27.0,0.002538,['Pass'],Pass,0.5400000000000004,-0.25428571428571467,2.0,7.0,0.5
504.0,14.0,wc_14,,0.0,,,,162.0,,,,Pass,,,,,
504.0,14.0,wc_14,wc_7,0.0,"[('wc_7', 0.6700000000000005), ('wc_14', 0.5400000000000004)]",0.8482000000000003,,,22.0,0.004543,['Pass'],Pass,0.6700000000000005,-0.17000000000000048,3.0,6.0,0.9
504.0,14.0,wc_14,,0.0,,,,341.0,,,,Pass,,,,,
504.0,14.0,wc_14,wc_5,0.0,"[('wc_14', 0.5400000000000004), ('wc_7', 0.6700000000000005)]",0.8482000000000003,,,32.0,0.009754,['Pass'],Pass,0.3400000000000002,-0.3400000000000002,0.0,0.0,0.3
504.0,14.0,wc_14,,0.0,,,,83.0,,,,Pass,,,,,
504.0,14.0,wc_14,wc_3,0.0,"[('wc_14', 0.5400000000000004), ('wc_7', 0.6700000000000005)]",0.8482000000000003,,,34.0,0.008312,['Pass'],Pass,0.3300000000000002,0.6699999999999998,1.0,1.0,0.2
504.0,14.0,wc_14,,0.0,,,,141.0,,,,Pass,,,,,
504.0,14.0,wc_14,wc_12,0.0,"[('wc_14', 0.5400000000000004), ('wc_7', 0.6700000000000005)]",0.8482000000000003,,,32.0,0.011194,['Pass'],Pass,0.29000000000000015,-0.29000000000000015,0.0,4.0,0.1
504.0,14.0,wc_14,,0.0,,,,242.0,,,,Pass,,,,,
504.0,14.0,wc_14,wc_1,0.0,"[('wc_14', 0.5400000000000004), ('wc_7', 0.6700000000000005)]",0.8482000000000003,,,23.0,0.011693,['Pass'],Pass,0.2500000000000001,-0.2500000000000001,0.0,0.0,0.1
504.0,14.0,wc_14,,0.0,,,,182.0,,,,Pass,,,,,
504.0,14.0,wc_14,wc_8,1.0,"[('wc_8', 0.5500000000000004), ('wc_14', 0.5400000000000004), ('wc_7', 0.6700000000000005)]",0.9316900000000002,,,26.0,0.054689999999999996,['Pass'],Pass,0.5500000000000004,-0.15000000000000036,2.0,5.0,1.0
511.0,16.0,wc_16,,0.0,,,,203.0,,,,Pass,,,,,
511.0,16.0,wc_16,,0.0,,,56.0,,,,,Pass,,,,,
511.0,16.0,wc_16,,0.0,,,,0.0,,,,Pass,,,,,
511.0,16.0,wc_16,wc_16,0.0,"[('wc_16', 0.28000000000000014)]",0.28000000000000014,,,37.0,0.002283,['Pass'],Pass,0.28000000000000014,-0.16888888888888903,1.0,9.0,0.2
511.0,16.0,wc_16,,0.0,,,,362.0,,,,Pass,,,,,
511.0,16.0,wc_16,wc_10,0.0,"[('wc_10', 0.6000000000000004), ('wc_16', 0.28000000000000014)]",0.7120000000000004,,,30.0,0.007671,['Pass'],Pass,0.6000000000000004,-0.6000000000000004,0.0,3.0,0.6
511.0,16.0,wc_16,,0.0,,,,61.0,,,,Pass,,,,,
511.0,16.0,wc_16,wc_7,1.0,"[('wc_7', 0.6700000000000005), ('wc_16', 0.28000000000000014), ('wc_10', 0.6000000000000004)]",0.9049600000000002,,,31.0,0.05075400000000001,['Pass'],Pass,0.6700000000000005,-0.045000000000000484,5.0,8.0,0.9
518.0,17.0,wc_17,,0.0,,,,243.0,,,,Fail,,,,,
518.0,17.0,wc_17,,0.0,,,50.0,,,,,Fail,,,,,
518.0,17.0,wc_17,,0.0,,,,0.0,,,,Fail,,,,,
518.0,17.0,wc_17,wc_17,0.0,"[('wc_17', 0.12000000000000001)]",0.12,,,40.0,0.002428,['Pass'],Fail,0.12000000000000001,0.061818181818181814,0.0,0.0,0.1
518.0,17.0,wc_17,,0.0,,,,41.0,,,,Fail,,,,,
518.0,17.0,wc_17,wc_13,0.0,"[('wc_13', 0.2500000000000001)]",0.2500000000000001,,,34.0,0.0045839999999999995,['Fail'],Fail,0.2500000000000001,0.1944444444444443,4.0,9.0,0.1
518.0,17.0,wc_17,,0.0,,,,0.0,,,,Fail,,,,,
518.0,17.0,wc_17,wc_14,0.0,"[('wc_14', 0.5400000000000004), ('wc_17', 0.12000000000000001)]",0.5952000000000004,,,35.0,0.006953,['Pass'],Fail,0.5400000000000004,-0.20666666666666705,3.0,9.0,0.5
518.0,17.0,wc_17,,0.0,,,,162.0,,,,Fail,,,,,
518.0,17.0,wc_17,wc_7,0.0,"[('wc_7', 0.6700000000000005), ('wc_17', 0.12000000000000001), ('wc_14', 0.5400000000000004)]",0.8664160000000003,,,40.0,0.008105000000000001,['Pass'],Fail,0.6700000000000005,-0.045000000000000484,5.0,8.0,0.9
518.0,17.0,wc_17,,0.0,,,,301.0,,,,Fail,,,,,
518.0,17.0,wc_17,wc_3,1.0,"[('wc_3', 0.3300000000000002), ('wc_17', 0.12000000000000001), ('wc_14', 0.5400000000000004), ('wc_7', 0.6700000000000005)]",0.9104987200000002,,,37.0,0.049751000000000004,['Pass'],Fail,0.3400000000000002,0.1599999999999998,2.0,4.0,0.2
528.0,17.0,wc_17,,0.0,,,,242.0,,,,Pass,,,,,
528.0,17.0,wc_17,,0.0,,,78.0,,,,,Pass,,,,,
528.0,17.0,wc_17,,0.0,,,,0.0,,,,Pass,,,,,
528.0,17.0,wc_17,wc_17,0.0,"[('wc_17', 0.13)]",0.13,,,36.0,0.002181,['Pass'],Pass,0.13,0.87,1.0,1.0,0.1
528.0,17.0,wc_17,,0.0,,,,362.0,,,,Pass,,,,,
528.0,17.0,wc_17,wc_3,0.0,"[('wc_3', 0.3400000000000002), ('wc_17', 0.13)]",0.4258000000000002,,,36.0,0.005188,['Pass'],Pass,0.3400000000000002,0.1599999999999998,2.0,4.0,0.2
528.0,17.0,wc_17,,0.0,,,,181.0,,,,Pass,,,,,
528.0,17.0,wc_17,wc_14,0.0,"[('wc_14', 0.5400000000000004), ('wc_17', 0.13), ('wc_3', 0.3400000000000002)]",0.7358680000000003,,,25.0,0.006359,['Pass'],Pass,0.5400000000000004,-0.5400000000000004,0.0,0.0,0.5
528.0,17.0,wc_17,,0.0,,,,341.0,,,,Pass,,,,,
528.0,17.0,wc_17,wc_4,0.0,"[('wc_4', 0.6100000000000004), ('wc_17', 0.13), ('wc_3', 0.3400000000000002), ('wc_14', 0.5400000000000004)]",0.8969885200000003,,,25.0,0.008011,['Pass'],Pass,0.6100000000000004,-0.4433333333333338,1.0,6.0,0.5
528.0,17.0,wc_17,,0.0,,,,121.0,,,,Pass,,,,,
528.0,17.0,wc_17,wc_12,1.0,"[('wc_12', 0.28000000000000014), ('wc_17', 0.13), ('wc_3', 0.3400000000000002), ('wc_14', 0.5400000000000004), ('wc_4', 0.6100000000000004)]",0.9258317344000002,,,23.0,0.05319,['Pass'],Pass,0.28000000000000014,-0.15500000000000014,1.0,8.0,0.1
